DecisionTree:
  best_params:
    max_depth: 10
    min_samples_leaf: 4
    min_samples_split: 2
  mae: 4.827223256025617
  mse: 47.34927876783653
  r2: -0.05027868424742543
  training_time: 1.4340059757232666
KNN:
  best_params:
    n_neighbors: 9
    p: 1
    weights: distance
  mae: 4.8366027811611945
  mse: 44.54106643944937
  r2: 0.012011716495686664
  training_time: 1.2200038433074951
LinearRegression:
  best_params:
    fit_intercept: false
    positive: true
  mae: 4.876043442111105
  mse: 45.0190069432916
  r2: 0.001410272575384619
  training_time: 3.8948957920074463
